# lexicographic zero-based ranks of a maximum x -> x^2-free subset of S_7
1
2
5
6
9
10
13
14
17
18
21
22
24
27
28
31
32
35
36
39
40
43
44
47
49
50
53
54
57
58
61
62
65
66
69
70
72
75
76
79
80
83
84
87
88
91
92
95
97
98
101
102
105
106
109
110
113
114
117
118
120
123
124
127
128
129
130
131
132
133
135
136
137
138
139
140
142
143
145
146
149
150
151
153
154
157
158
160
161
162
165
166
167
168
169
171
172
175
176
179
180
183
184
185
187
188
190
191
193
194
196
197
198
201
202
205
206
207
209
210
211
213
214
216
219
220
221
223
224
227
228
230
231
232
234
235
236
239
241
242
245
246
247
249
250
253
254
256
257
258
261
262
263
264
267
268
271
272
275
276
279
280
283
284
287
289
290
291
292
293
294
295
297
298
301
302
303
305
306
308
309
310
312
313
315
316
317
319
320
322
323
324
327
328
329
330
331
332
335
336
337
338
340
341
342
345
346
347
349
350
352
353
354
355
357
358
360
361
363
364
367
368
371
372
375
376
377
379
380
382
383
385
386
389
390
393
394
397
398
401
402
405
406
408
409
411
412
415
416
417
418
419
420
421
423
424
426
427
428
431
433
434
436
437
438
439
441
442
445
446
449
450
451
452
453
454
455
456
459
460
461
462
463
464
467
468
471
472
474
475
476
477
478
479
481
482
484
485
486
489
490
493
494
495
497
498
499
501
502
504
507
508
511
512
515
516
519
520
523
524
527
529
530
532
533
534
535
537
538
539
541
542
544
545
546
548
549
550
552
553
555
556
559
560
562
563
564
567
568
570
571
572
573
574
575
577
578
579
581
582
584
585
586
589
590
593
594
595
596
597
598
599
600
603
604
605
607
608
611
612
614
615
616
618
619
620
623
625
626
629
630
633
634
637
638
641
642
645
646
648
651
652
653
654
655
656
658
659
660
663
664
665
667
668
669
671
672
673
674
677
678
681
682
683
685
686
689
690
691
692
693
694
695
696
698
699
700
703
704
705
707
708
711
712
714
715
716
717
718
719
720
723
724
727
728
729
730
731
732
733
735
736
737
738
739
740
742
743
745
746
749
750
752
753
754
755
756
757
758
759
761
762
763
764
765
766
768
770
771
772
773
775
776
777
778
779
780
782
783
784
787
788
789
791
792
793
794
795
797
798
799
801
802
803
804
805
806
809
810
813
814
815
816
817
818
819
820
822
823
824
826
827
828
829
831
832
835
836
838
839
841
842
845
846
849
850
853
854
857
858
861
862
864
865
866
867
868
869
871
872
873
874
875
876
877
879
880
881
882
883
884
886
887
889
890
891
892
893
894
895
897
898
900
901
902
903
904
905
906
907
908
909
910
911
912
913
915
916
917
919
920
922
923
924
925
926
927
928
929
930
931
932
933
934
935
936
937
938
940
941
942
945
946
947
948
949
950
951
952
953
954
955
956
957
958
959
960
961
962
963
964
965
967
968
969
970
971
972
973
975
976
977
978
979
980
982
983
985
986
989
990
991
993
994
997
998
1000
1001
1002
1005
1006
1007
1008
1011
1012
1015
1016
1017
1018
1019
1020
1021
1022
1023
1024
1025
1026
1027
1028
1029
1030
1031
1033
1034
1037
1038
1039
1041
1042
1043
1044
1045
1046
1047
1048
1049
1050
1051
1052
1053
1054
1055
1056
1059
1060
1062
1063
1064
1066
1067
1068
1069
1070
1071
1072
1073
1074
1075
1076
1077
1078
1079
1081
1082
1083
1084
1085
1086
1087
1089
1090
1092
1093
1094
1095
1096
1097
1098
1099
1100
1101
1102
1103
1104
1105
1107
1108
1111
1112
1115
1116
1119
1120
1121
1123
1124
1126
1127
1129
1130
1131
1132
1133
1134
1136
1137
1138
1139
1141
1142
1143
1144
1145
1146
1148
1149
1150
1151
1152
1153
1154
1155
1156
1157
1159
1160
1161
1162
1163
1164
1167
1168
1169
1171
1172
1173
1174
1175
1176
1177
1178
1179
1180
1181
1182
1184
1185
1186
1187
1189
1190
1192
1193
1194
1196
1197
1198
1199
1200
1201
1203
1204
1205
1207
1208
1210
1211
1212
1213
1214
1215
1216
1217
1218
1219
1220
1221
1222
1223
1225
1226
1228
1229
1230
1233
1234
1237
1238
1239
1241
1242
1243
1245
1246
1248
1249
1251
1252
1253
1254
1255
1256
1257
1259
1260
1261
1263
1264
1265
1266
1267
1268
1269
1271
1272
1273
1274
1275
1276
1277
1278
1279
1281
1282
1283
1285
1286
1287
1289
1290
1291
1293
1294
1295
1296
1297
1298
1299
1300
1301
1302
1303
1304
1305
1307
1308
1309
1311
1312
1314
1315
1316
1317
1319
1320
1321
1322
1324
1325
1326
1329
1330
1331
1332
1333
1334
1335
1336
1337
1338
1339
1340
1341
1342
1343
1344
1347
1348
1349
1351
1352
1355
1356
1358
1359
1360
1362
1363
1364
1367
1368
1369
1370
1372
1373
1374
1375
1376
1377
1378
1380
1381
1382
1384
1385
1386
1387
1388
1389
1390
1392
1393
1394
1395
1396
1397
1398
1399
1400
1402
1403
1404
1406
1407
1408
1410
1411
1412
1414
1415
1416
1417
1418
1419
1420
1421
1422
1423
1424
1425
1426
1428
1429
1430
1433
1434
1435
1436
1437
1438
1441
1442
1445
1446
1449
1450
1453
1454
1457
1458
1461
1462
1464
1465
1466
1467
1468
1469
1471
1472
1473
1474
1475
1476
1477
1479
1480
1481
1482
1483
1484
1486
1487
1489
1490
1491
1492
1493
1494
1495
1497
1498
1500
1501
1502
1503
1504
1505
1506
1507
1508
1509
1510
1511
1512
1513
1515
1516
1517
1519
1520
1522
1523
1524
1525
1526
1527
1528
1529
1530
1531
1532
1533
1534
1535
1536
1537
1538
1540
1541
1542
1545
1546
1547
1548
1549
1550
1551
1552
1553
1554
1555
1556
1557
1558
1559
1560
1563
1564
1567
1568
1569
1570
1571
1572
1573
1575
1576
1577
1578
1579
1580
1582
1583
1585
1586
1589
1590
1591
1593
1594
1597
1598
1600
1601
1602
1605
1606
1607
1608
1609
1611
1612
1615
1616
1619
1620
1623
1624
1625
1627
1628
1630
1631
1633
1634
1636
1637
1638
1641
1642
1645
1646
1647
1649
1650
1651
1653
1654
1656
1659
1660
1661
1663
1664
1667
1668
1670
1671
1672
1674
1675
1676
1679
1681
1682
1685
1686
1688
1689
1690
1691
1692
1693
1694
1695
1697
1698
1699
1700
1701
1702
1704
1705
1706
1707
1708
1709
1711
1712
1715
1716
1719
1720
1723
1724
1727
1729
1730
1731
1732
1733
1734
1736
1737
1738
1739
1741
1742
1743
1745
1746
1748
1749
1750
1752
1753
1755
1756
1757
1758
1759
1760
1761
1763
1764
1767
1768
1769
1770
1771
1772
1775
1776
1777
1778
1780
1781
1782
1783
1784
1785
1786
1789
1790
1792
1793
1794
1795
1797
1798
1800
1802
1803
1804
1805
1807
1808
1809
1810
1811
1812
1814
1815
1816
1819
1820
1821
1823
1825
1826
1829
1830
1831
1833
1834
1836
1837
1838
1841
1842
1843
1845
1846
1848
1851
1852
1855
1856
1857
1858
1859
1860
1861
1862
1863
1864
1866
1867
1868
1869
1871
1872
1873
1874
1876
1877
1878
1879
1881
1882
1885
1886
1887
1889
1890
1891
1893
1894
1895
1896
1897
1899
1900
1901
1902
1903
1904
1907
1908
1910
1911
1912
1914
1915
1916
1918
1919
1920
1921
1922
1923
1925
1926
1927
1929
1930
1931
1932
1933
1934
1937
1938
1941
1942
1943
1944
1947
1948
1951
1952
1954
1955
1956
1958
1959
1960
1963
1964
1966
1967
1969
1970
1973
1974
1975
1977
1978
1979
1980
1981
1982
1984
1985
1986
1988
1989
1990
1991
1992
1993
1994
1995
1996
1999
2000
2002
2003
2004
2007
2008
2009
2011
2012
2013
2014
2015
2017
2018
2019
2020
2021
2022
2024
2025
2026
2028
2029
2030
2033
2034
2035
2036
2037
2038
2040
2041
2042
2043
2044
2046
2047
2048
2050
2051
2052
2053
2055
2056
2059
2060
2062
2063
2065
2066
2069
2070
2073
2074
2075
2077
2078
2079
2081
2082
2085
2086
2087
2088
2091
2092
2094
2095
2096
2098
2099
2100
2101
2103
2104
2105
2107
2108
2109
2110
2111
2112
2113
2114
2115
2117
2118
2121
2122
2123
2125
2126
2128
2129
2130
2132
2133
2134
2135
2136
2138
2139
2140
2141
2143
2144
2145
2147
2148
2149
2151
2152
2154
2155
2156
2157
2159
2160
2161
2162
2163
2164
2165
2167
2168
2169
2170
2171
2172
2173
2175
2176
2177
2178
2179
2180
2182
2183
2185
2186
2189
2190
2191
2193
2194
2197
2198
2200
2201
2202
2205
2206
2207
2208
2211
2212
2215
2216
2219
2220
2222
2223
2224
2225
2227
2228
2229
2230
2231
2233
2234
2237
2238
2241
2242
2244
2245
2246
2247
2249
2250
2251
2253
2254
2255
2256
2259
2260
2263
2264
2267
2268
2269
2270
2271
2272
2274
2275
2276
2278
2279
2281
2282
2285
2286
2287
2289
2290
2293
2294
2296
2297
2298
2301
2302
2303
2304
2307
2308
2311
2312
2315
2316
2319
2320
2323
2324
2327
2329
2330
2331
2332
2333
2334
2335
2337
2338
2341
2342
2343
2345
2346
2348
2349
2350
2352
2353
2355
2356
2357
2359
2360
2362
2363
2364
2367
2368
2369
2370
2371
2372
2375
2376
2377
2378
2380
2381
2382
2385
2386
2387
2389
2390
2392
2393
2394
2395
2397
2398
2400
2401
2402
2403
2404
2405
2407
2408
2409
2410
2411
2412
2413
2415
2416
2417
2418
2419
2420
2422
2423
2425
2426
2429
2430
2432
2433
2434
2435
2436
2437
2438
2439
2441
2442
2443
2444
2445
2446
2448
2450
2451
2452
2453
2455
2456
2459
2460
2463
2464
2467
2468
2471
2472
2473
2474
2475
2477
2478
2481
2482
2485
2486
2489
2490
2493
2494
2496
2497
2498
2499
2500
2503
2504
2507
2508
2511
2512
2515
2516
2519
2521
2522
2525
2526
2529
2530
2532
2533
2534
2536
2537
2538
2539
2541
2542
2543
2544
2546
2547
2548
2549
2551
2552
2555
2556
2559
2560
2563
2564
2567
2569
2570
2571
2572
2573
2574
2575
2577
2578
2581
2582
2583
2585
2586
2588
2589
2590
2592
2594
2595
2596
2598
2599
2600
2603
2604
2606
2607
2608
2610
2611
2612
2614
2615
2617
2618
2619
2621
2622
2623
2625
2626
2629
2630
2631
2633
2634
2635
2637
2638
2639
2640
2643
2644
2647
2648
2651
2652
2653
2654
2655
2656
2659
2660
2661
2662
2663
2664
2665
2666
2667
2669
2670
2673
2674
2677
2678
2681
2682
2685
2686
2688
2689
2691
2692
2693
2695
2696
2698
2699
2700
2703
2704
2705
2706
2707
2708
2711
2712
2713
2714
2717
2718
2720
2721
2722
2724
2725
2726
2729
2730
2731
2732
2733
2734
2736
2739
2740
2741
2743
2744
2746
2747
2748
2751
2752
2753
2755
2756
2757
2758
2759
2761
2762
2765
2766
2769
2770
2772
2773
2774
2775
2777
2778
2780
2781
2782
2783
2784
2785
2786
2787
2788
2791
2792
2795
2796
2799
2800
2803
2804
2807
2808
2809
2810
2812
2813
2814
2817
2818
2819
2821
2822
2824
2825
2826
2827
2829
2830
2832
2833
2835
2836
2839
2840
2841
2843
2844
2845
2847
2848
2850
2851
2852
2853
2855
2857
2858
2860
2861
2862
2865
2866
2867
2869
2870
2872
2873
2874
2876
2877
2878
2879
2881
2882
2885
2886
2887
2889
2890
2892
2893
2894
2896
2897
2898
2899
2901
2902
2903
2904
2905
2907
2908
2911
2912
2915
2916
2919
2920
2921
2923
2924
2926
2927
2929
2930
2933
2934
2936
2937
2938
2939
2941
2942
2945
2946
2949
2950
2952
2954
2955
2956
2957
2959
2960
2963
2964
2967
2968
2969
2971
2972
2975
2977
2978
2979
2980
2981
2982
2985
2986
2989
2990
2992
2993
2994
2997
2998
3000
3001
3003
3004
3007
3008
3011
3012
3015
3016
3017
3019
3020
3022
3023
3025
3026
3029
3030
3033
3034
3037
3038
3041
3042
3045
3046
3048
3049
3051
3052
3055
3056
3057
3058
3059
3060
3061
3063
3064
3066
3067
3068
3071
3073
3074
3076
3077
3078
3079
3081
3082
3085
3086
3089
3090
3091
3092
3093
3094
3095
3096
3099
3100
3101
3102
3103
3104
3107
3108
3111
3112
3114
3115
3116
3117
3118
3119
3121
3122
3125
3126
3127
3129
3130
3132
3133
3134
3136
3137
3138
3139
3141
3142
3143
3144
3146
3147
3148
3149
3151
3152
3153
3154
3155
3156
3158
3159
3160
3163
3164
3165
3167
3169
3170
3173
3174
3177
3178
3180
3181
3182
3185
3186
3187
3189
3190
3192
3195
3196
3198
3199
3200
3203
3204
3205
3207
3208
3211
3212
3215
3217
3218
3221
3222
3223
3225
3226
3228
3229
3230
3233
3234
3237
3238
3240
3242
3243
3244
3245
3247
3248
3251
3252
3255
3256
3259
3260
3263
3265
3266
3269
3270
3273
3274
3276
3277
3278
3281
3282
3283
3285
3286
3288
3289
3291
3292
3295
3296
3297
3298
3299
3300
3301
3303
3304
3306
3307
3308
3311
3312
3313
3314
3316
3317
3318
3320
3321
3322
3324
3325
3326
3329
3330
3333
3334
3336
3337
3339
3340
3341
3343
3344
3345
3347
3348
3349
3351
3352
3355
3356
3359
3361
3362
3365
3366
3368
3369
3370
3371
3373
3374
3376
3377
3378
3381
3382
3384
3387
3388
3390
3391
3392
3395
3396
3397
3399
3400
3403
3404
3407
3409
3410
3412
3413
3414
3415
3417
3418
3421
3422
3425
3426
3427
3428
3429
3430
3431
3432
3434
3435
3436
3437
3438
3439
3440
3443
3444
3446
3447
3448
3451
3452
3455
3457
3458
3461
3462
3465
3466
3469
3470
3473
3474
3475
3476
3477
3478
3479
3480
3483
3484
3487
3488
3489
3490
3491
3492
3495
3496
3497
3499
3500
3503
3505
3506
3509
3510
3511
3513
3514
3516
3517
3518
3521
3522
3525
3526
3528
3531
3532
3533
3534
3535
3536
3539
3540
3543
3544
3546
3547
3548
3549
3550
3551
3553
3554
3555
3556
3557
3558
3559
3561
3562
3565
3566
3567
3569
3570
3573
3574
3576
3579
3580
3583
3584
3587
3588
3591
3592
3594
3595
3596
3597
3598
3599
3600
3603
3604
3607
3608
3610
3611
3612
3614
3615
3616
3619
3620
3622
3623
3625
3626
3628
3629
3630
3633
3634
3637
3638
3639
3641
3642
3643
3645
3646
3648
3651
3652
3654
3655
3656
3657
3659
3660
3663
3664
3667
3668
3671
3672
3673
3674
3677
3678
3681
3682
3685
3686
3687
3689
3690
3693
3694
3696
3699
3700
3701
3703
3704
3707
3708
3709
3711
3712
3715
3716
3719
3721
3722
3724
3725
3726
3729
3730
3733
3734
3735
3737
3738
3739
3741
3742
3744
3747
3748
3751
3752
3755
3756
3759
3760
3763
3764
3767
3769
3770
3772
3773
3774
3775
3777
3778
3779
3781
3782
3784
3785
3786
3788
3789
3790
3792
3793
3795
3796
3799
3800
3802
3803
3804
3807
3808
3810
3811
3812
3813
3814
3815
3817
3818
3819
3821
3822
3824
3825
3826
3829
3830
3833
3834
3835
3836
3837
3838
3839
3840
3843
3844
3847
3848
3850
3851
3852
3854
3855
3856
3859
3860
3862
3863
3864
3865
3866
3867
3869
3870
3871
3873
3874
3875
3876
3877
3878
3881
3882
3885
3886
3887
3888
3891
3892
3895
3896
3899
3900
3902
3903
3904
3907
3908
3910
3911
3913
3914
3917
3918
3920
3921
3922
3925
3926
3928
3929
3930
3933
3934
3936
3939
3940
3943
3944
3946
3947
3948
3950
3951
3952
3955
3956
3959
3960
3961
3962
3963
3965
3966
3969
3970
3973
3974
3977
3978
3981
3982
3984
3987
3988
3991
3992
3995
3996
3998
3999
4000
4003
4004
4006
4007
4009
4010
4012
4013
4014
4015
4017
4018
4019
4021
4022
4024
4025
4026
4028
4029
4030
4032
4034
4035
4036
4038
4039
4040
4043
4044
4046
4047
4048
4051
4052
4055
4057
4058
4060
4061
4062
4065
4066
4067
4069
4070
4072
4073
4074
4077
4078
4080
4083
4084
4086
4087
4088
4091
4092
4093
4095
4096
4099
4100
4103
4105
4106
4109
4110
4112
4113
4114
4117
4118
4120
4121
4122
4125
4126
4128
4129
4131
4132
4135
4136
4138
4139
4140
4143
4144
4146
4147
4148
4149
4150
4151
4152
4153
4154
4157
4158
4160
4161
4162
4164
4165
4166
4169
4170
4173
4174
4176
4179
4180
4183
4184
4187
4188
4191
4192
4194
4195
4196
4197
4198
4199
4201
4202
4205
4206
4209
4210
4211
4213
4214
4215
4217
4218
4221
4222
4224
4227
4228
4231
4232
4234
4235
4236
4238
4239
4240
4243
4244
4247
4249
4250
4251
4253
4254
4256
4257
4258
4261
4262
4265
4266
4267
4268
4269
4270
4271
4272
4275
4276
4277
4279
4280
4282
4283
4284
4287
4288
4289
4291
4292
4295
4297
4298
4301
4302
4305
4306
4309
4310
4313
4314
4315
4316
4317
4318
4319
4321
4322
4325
4326
4329
4330
4331
4333
4334
4335
4337
4338
4341
4342
4343
4344
4347
4348
4349
4351
4352
4355
4356
4358
4359
4360
4362
4363
4364
4367
4369
4370
4373
4374
4375
4376
4377
4378
4381
4382
4385
4386
4389
4390
4392
4393
4395
4396
4399
4400
4403
4404
4406
4407
4408
4411
4412
4415
4417
4418
4420
4421
4422
4425
4426
4428
4429
4430
4433
4434
4437
4438
4440
4443
4444
4445
4447
4448
4451
4452
4454
4455
4456
4458
4459
4460
4463
4465
4466
4469
4470
4473
4474
4477
4478
4481
4482
4485
4486
4488
4491
4492
4493
4494
4495
4496
4498
4499
4500
4503
4504
4505
4507
4508
4509
4511
4512
4513
4514
4517
4518
4521
4522
4523
4525
4526
4529
4530
4531
4532
4533
4534
4535
4536
4538
4539
4540
4543
4544
4545
4547
4548
4551
4552
4554
4555
4556
4557
4558
4559
4561
4562
4565
4566
4569
4570
4571
4573
4574
4575
4577
4578
4581
4582
4583
4584
4585
4586
4587
4588
4590
4591
4592
4594
4595
4596
4597
4599
4600
4603
4604
4606
4607
4609
4610
4613
4614
4617
4618
4621
4622
4623
4625
4626
4629
4630
4631
4632
4635
4636
4639
4640
4641
4643
4644
4647
4648
4649
4651
4652
4655
4657
4658
4661
4662
4665
4666
4667
4669
4670
4671
4673
4674
4677
4678
4680
4681
4682
4683
4684
4687
4688
4691
4692
4695
4696
4699
4700
4703
4705
4706
4709
4710
4713
4714
4717
4718
4719
4721
4722
4725
4726
4727
4728
4731
4732
4733
4734
4735
4736
4738
4739
4740
4743
4744
4745
4747
4748
4749
4751
4753
4754
4755
4757
4758
4759
4761
4762
4765
4766
4767
4769
4770
4773
4774
4776
4779
4780
4781
4783
4784
4786
4787
4788
4791
4792
4793
4795
4796
4799
4801
4802
4805
4806
4807
4809
4810
4812
4813
4814
4817
4818
4821
4822
4824
4827
4828
4831
4832
4833
4835
4836
4839
4840
4841
4843
4844
4847
4848
4849
4850
4853
4854
4857
4858
4859
4861
4862
4865
4866
4867
4868
4869
4870
4871
4872
4873
4875
4876
4879
4880
4881
4883
4884
4885
4887
4888
4891
4892
4895
4897
4898
4901
4902
4905
4906
4909
4910
4913
4914
4915
4916
4917
4918
4919
4920
4923
4924
4927
4928
4930
4931
4932
4934
4935
4936
4939
4940
4943
4945
4946
4949
4950
4953
4954
4955
4957
4958
4959
4961
4962
4965
4966
4968
4970
4971
4972
4975
4976
4977
4979
4980
4983
4984
4986
4987
4988
4989
4990
4991
4993
4994
4996
4997
4998
5001
5002
5003
5005
5006
5008
5009
5010
5013
5014
5016
5019
5020
5023
5024
5027
5028
5031
5032
5034
5035
5036
5037
5038
5039
