# A007234: maximum size of a squaring-free subset of S_n
1 0
2 1
3 4
4 16
5 72
6 522
7 3390
8 29409
9 267561
10 2820600
11 30658050
12 377859960
13 4866471720
14 70224099120
15 1052687890800
16 17121988170000
17 289273152042000
18 5303570189904000
19 100631319922576800
20 2034089760819715200
21 42617571273711907200
22 949828463108313465600
23 21759764092852151520000
24 526714298737215044373225
25 13171761845537336137490625
26 345717233686585577456640000
27 9329163079126520644010246250
28 262881448479006501515786415000
29 7609889653806824194962668517000
30 230024136684410679940619119830000
31 7099221200328504605161308575070000
32 228392066696217906925672233950570625
33 7556873814764330275191066474225470625
34 258488488641387582971299231561716480000
35 9040950480367004779779596155637910281250
36 326892522567295569614196651839788258125000
37 12082905191955305452215061885956059332935000
38 461385783417867908303670981970064192213130000
39 17986822754265151628277908677342171164980850000
40 722245703599322418700140541489658780387051315625
41 29585522535882394940120225484217539310804651940625
42 1247904843887857581265699485532032414889594593600000
43 53637468144215965826667051152866546922426236506656250
44 2367455292030533108388695072790595280993670368452875000
45 106467679770412574955235727280877684478535645225117225000
46 4915440084988521253127292386600130418598890338978112350000
47 230808321445875513842242762416388466772932577926667435750000
48 11109651562525789054846835456090651133711321620248843666950000
49 544033331350175599968195201661707508019505628838715513464550000
50 27287877405944596279362895454539405265296044508264877456400000000
