1 2
2 8
3 112
4 5856
5 869824
6 323041664
7 284820663040
8 578706325429760
9 2656206793927834624
10 27146293853908230690816
11 610953708402814813416927232
12 30014924219201873923870816526336
13 3195688727306213123959212563272941568
14 732924803658531675558817579921016427216896
15 360225209960272826449594205841404218869936750592
16 377711982083476639002593254675596555756524907184128000
17 841614061097288491427954913694591167110402592394465142112256
18 3971203077366758338477891445901096403109508838947354542396415672320
19 39558877355018297638778235231518577186551841889435121243129246344218148864
20 829608205269194956924969250151133420605627838262596510627142860646147035290927104
