1 1
2 2
3 7
4 111
5 308063
6 100126976263592
7 131867858014413288241233435594064
8 2804519150441879896741320496043335469582478995067528608051651559815168
9 18041173985318242228908673373167984749279406063790021468116806991358699177633835204005405737664555656951898195398543270233456813449189823822352384
10 12094629781291200800828783622546757650075821507787328196895947946332004809885222807452996815849381177729432653319882619918722350897554521004478852897512705479144268261117442546598685159073631305545521373948263273572577608057937958858374024302894681555745930676497175784610245934983786725664333234176
11 98829240575129568148950979807622510952065277068158104404434005408020701916394458913251726101041244474079565601804224770842809706636370181640067665165078239003600385166153350141930655414574792488093654185987362541390442085833990440303620457043474852081819986413673644145169472379112041296960188006961608616637947362706898144249749192445732952981054463659913267619723353772307238925438702022311081642484006410341488552627092152932058385390154132989050360509242562163352463978705407664273286080236261388932302791512910289445539576774161097938378591926471884899267297082465076161760783818112399235536687988736
