3 1
4 2
5 3
6 8
7 22
8 62
9 176
10 500
11 1425
12 4078
13 11666
14 33447
15 95922
16 275332
17 790518
18 2270963
19 6525674
20 18759532
21 53945787
22 155188277
23 446596595
24 1285702615
25 3702821264
26 10668398487
27 30749695396
28 88666767989
29 255776121442
30 738140740819
31 2131071371882
32 6155110116639
33 17784891992168
34 51409388578519
35 148664465929884
36 430073693058115
37 1244648359119001
38 3603424820669626
39 10436286283124525
40 30236729604238235
41 87635173100873493
42 254081650937527355
43 736912217910908731
44 2137972803563070255
45 6204816299761149598
46 18013263507770298823
47 52310518278395295814
48 151955093822550518357
49 441537558833364567309
50 1283343115854257714190
51 3731103776391305522388
52 10850456863859140199315
53 31562521859497938847223
54 91834369407650438292806
55 267267203822106184149516
56 778018701676034538048306
57 2265351028889949162543584
58 6597498956547858090794367
59 19218471055361233628160839
60 55995281691508885998285409
61 163182892368482466370015586
62 475648345595456840559005309
63 1386702130399155382640800683
64 4043560430085731223525263804
65 11793047992339916314421190611
66 34400713467681677660080565072
67 100365867804665018749229233026
68 292873361183116653799703717303
69 854765572842956968669133551708
70 2495086747989362060058896058371
71 7284403107948641357838298433259
72 21270135804639783531275665292240
73 62117341355789864853006084091018
74 181434616723869205869681600409693
75 530017956648872917203104397989724
76 1548540795622735185766843105168515
77 4524961628288297429712788173409744
78 13224093959719296302928821956152602
79 38652213359452223404548853486541001
80 112989714429999999335031968455973789
81 330337807734387661785078396281098189
82 965897963882817202277726854642492892
83 2824597848166352097874821915475217488
84 8261011912172651158816484323427811276
85 24163509238161408449659002830072534535
86 70686392234030879918717589614094228124
87 206804330566601276050949117032762501725
88 605104563536918149202091905450957274314
89 1770709143248302913618787381682996920840
90 5182139248639301393557339797426466914774
91 15167536509193711499493722962783407804029
92 44398085445965065387697241440123947850088
93 129973791613618384371022489871668658149982
94 380529947019955735175746027415373974726401
95 1114198523331423658586293752592802340370042
96 3262692954938355098601750982308860874796535
97 9554961612481893864465257122477487233347073
98 27984661039094216780732763045235828359638700
99 81968839727771890105699425375941176438424647
100 240112321573722653649013632118804348577819189
