1 1
2 5
3 28
4 226
5 2077
6 20770
7 222884
8 2529541
9 29995812
10 368025335
11 4637331008
12 59687103424
13 781671686963
14 10386703092609
15 139745901077363
16 1900741247492545
17 26102952214842141
18 361575380267391362
19 5047553495604339148
20 70960695386598569362
21 1003994923637970663710
22 14288148059654427415760
23 204424150153341238441230
24 2939034648147192397252116
25 42444208193025423489789269
26 615483878997101677181031130
27 8958991321065566035332679345
28 130863965271645176387143336931
29 1917728022881380913231878568293
30 28187663833811419998813906509603
31 415475900871655943371260327117411
32 6139967353674334210413595617496974
33 90959214649051969022759164308135884
34 1350584969603597713774818423794810149
35 20097044766673266652065423145933395460
36 299656475101270251055195216981000278530
37 4476590186904250918998180518378791653894
38 66997496929454049836454319747405379406957
39 1004422809228467654631929202441299435235607
40 15082865507699310098642642979106344702368993
41 226843315425299988307553533522450575629945461
42 3416733619665429392849319115017018619769077551
43 51535889924653640485914292022798253990415179179
44 778385197987674865087764471663042270772249401731
45 11771721042782284143669233710770386597543759288725
46 178246951736920700565206046849927204295156605821913
47 2702207410296878712835763581883990100918331933860098
48 41011787635359572799247300570071578353367623944844991
49 623121078651311928172490822325434559011259991273812163
50 9477445937970947982274905666367581078225599344024301633
51 144293831201352516865127691976890502778520830306450263748
52 2198999799332827502978284419699290451610444187721276778431
53 33543461145341237053026948085542554595397053013648002046099
54 512130819865198981583430385163915274408732524898592817408897
55 7825825606738473191302078860997658800605817466871569754513106
56 119685681686714999679099768083654322457835162024736961119950168
57 1831910425662360105233073648228403244295379794973684079575635571
58 28061063132632301401629904394396624623130456162986034886621149232
59 430160258574882222132742418079346031198632675399797331771079680567
60 6598902317728762986028043096799325567160525424856317597999698762471
61 101301961848159216197411048844307876669043593470148984703139162666288
62 1556176062440247664283809558153802099048429229509557116925647468700172
63 23921298986449744500441878834123032045132375380766682477002834959805165
64 367948310488467260300066442287757719030554064871362848062337565598111262
65 5663125352491586818392311725360899739975643199470630788915797212898041468
66 87213660841110183671751080570967609494544146119089733106036092507903442810
67 1343890489393259936000416807778302550505775482019171250094674647422389516800
68 20719852457573491672279507348508424725273618582755654613346218392427988777364
69 319628557899009456687715505260036871395494688452654749205866626247518912287700
70 4933256204264141615985979865473501619609899858136816286611921463849803628048765
71 76180581593174958567513824564781962503991688179629879892441952443175777901677202
72 1176985298453821864082226665584104475503164021792809550354432774723805262242601516
73 18193146915157232317717309908942703945633327278739032443597201739359258190939950680
74 281351217236463626495805011054806138257537721545730577761309497863042386052660224427
75 4352996783080287401952203111769211014856403691317000930495202583558762043555917276610
76 67378462016843809456250137224886914865627408494306862331651742442101747259476729098840
77 1043378500310068675800178923110342125226855440664153111233054375924846571395346986212922
78 16163885582027676923972154562054994619723660119502062452655393862244183394718403371913977
79 250511689219387602728693953384780804370320280262438418293150867032114554592863232316491947
80 3884042781692549540247818872988152048697332019907770790572886858270120816944002354162941921
81 60243391406600447246179826997618633370823075790780958087423495608121369379707485009568148559
82 934759752380694420503410169722176713493883582007005250896777158456507915034152585296774643010
83 14509476049502427082266928778762025601885419904011954896501091759445136479211728348933854976145
84 225299739390004262745657321555985548571850915740844975158221183745581726064711808095009094432916
85 3499638057062732860360015872403239102714972521907644397311569207097588057550161439970146387572977
86 54379528808324664425983004744534092578518701921912362107754620886331205223149250435631892886238997
87 845267432530131590897047900217016012335187978765217933983703422116900402060394168286957813349618966
88 13143041009792159291876708608284587334515430071317303769609189458873699635330045999506450570093153501
89 204426589800478043589282269486973617970245370152055062816858985235261728715867666414722998981988856991
90 3180647762192554149987587728220862125277669549599214972209367869616759158611657887863229715834517035354
91 49502533430728347321912100106149605617568509816395088857958331664435224849857303351980907526969021992707
92 770672782121801750429803223037937442199666529996618859353106078898205055494748790591849649999085881536910
93 12001638741651328550134726083063592291625850564583648034239847867828705585585765652696466967116566439239279
94 186954659242960263948494760337134473309677434656481682963651075669748473648370916237995338702678044475251757
95 2913094817262634500286840494577662654049709163928784893316112957714663368845927959454433284101436401861226302
96 45403882202992839506767596438691442437468989824163805339585785062549066691031746898881643886519204873636458823
97 707862544929089005214885993086007007461402217447250418353276529950331707708499101935832976917732298462086270142
98 11038754376054972838522399247759178596571357942562631861911169582420833840976468632108682785484548311764251716548
99 172188478130018511857280020546150049048791454686093255823354310780239987374140662065896534697998354363717857040578
100 2686573619815364754279164651828769162775089562608804488153301650705874639028185668593969112596566625475771953480374
